82331;31/01/1961;0000;285.9;
82331;28/02/1961;0000;332.3;
82331;31/03/1961;0000;237.6;
82331;30/04/1961;0000;353;
82331;31/05/1961;0000;327.5;
82331;30/06/1961;0000;98.2;
82331;31/07/1961;0000;33;
82331;31/08/1961;0000;6.9;
82331;30/09/1961;0000;51.7;
82331;31/10/1961;0000;123;
82331;30/11/1961;0000;145.9;
82331;31/12/1961;0000;353.1;
82331;31/01/1962;0000;406.1;
82331;28/02/1962;0000;399.4;
82331;31/03/1962;0000;307.9;
82331;30/04/1962;0000;299;
82331;31/05/1962;0000;260.5;
82331;30/06/1962;0000;108.5;
82331;31/07/1962;0000;47.3;
82331;31/08/1962;0000;34;
82331;30/09/1962;0000;12.8;
82331;31/10/1962;0000;125.4;
82331;30/11/1962;0000;107.6;
82331;31/12/1962;0000;132;
82331;31/01/1963;0000;265.1;
82331;28/02/1963;0000;182.2;
82331;31/03/1963;0000;239.5;
82331;30/04/1963;0000;313.3;
82331;31/05/1963;0000;243.3;
82331;30/06/1963;0000;122.4;
82331;31/07/1963;0000;46.7;
82331;31/08/1963;0000;5.4;
82331;30/09/1963;0000;45.3;
82331;31/10/1963;0000;84.3;
82331;30/11/1963;0000;239.6;
82331;31/12/1963;0000;184.3;
82331;31/01/1964;0000;159;
82331;29/02/1964;0000;140.3;
82331;31/03/1964;0000;426;
82331;30/04/1964;0000;295.3;
82331;31/05/1964;0000;268.1;
82331;30/06/1964;0000;125.9;
82331;31/07/1964;0000;61.6;
82331;31/08/1964;0000;92.6;
82331;30/09/1964;0000;40.7;
82331;31/10/1964;0000;135.2;
82331;30/11/1964;0000;231;
82331;31/12/1964;0000;312.2;
82331;31/01/1965;0000;169.5;
82331;28/02/1965;0000;247.7;
82331;31/03/1965;0000;532.5;
82331;30/04/1965;0000;284.2;
82331;31/05/1965;0000;268.9;
82331;30/06/1965;0000;64.2;
82331;31/07/1965;0000;45.7;
82331;31/08/1965;0000;3.4;
82331;30/09/1965;0000;13.6;
82331;31/10/1965;0000;138.6;
82331;30/11/1965;0000;76.8;
82331;31/12/1965;0000;196;
82331;31/01/1966;0000;273.3;
82331;28/02/1966;0000;178.1;
82331;31/03/1966;0000;172.9;
82331;30/04/1966;0000;292.6;
82331;31/05/1966;0000;359.1;
82331;30/06/1966;0000;161.6;
82331;31/07/1966;0000;122.2;
82331;31/08/1966;0000;110.4;
82331;30/09/1966;0000;103.4;
82331;31/10/1966;0000;29.5;
82331;30/11/1966;0000;318.5;
82331;31/12/1966;0000;222.3;
82331;31/01/1967;0000;301.6;
82331;28/02/1967;0000;249.2;
82331;31/03/1967;0000;435;
82331;30/04/1967;0000;495.4;
82331;31/05/1967;0000;204.3;
82331;30/06/1967;0000;124.4;
82331;31/07/1967;0000;34.2;
82331;31/08/1967;0000;2.6;
82331;30/09/1967;0000;6.7;
82331;31/10/1967;0000;11.2;
82331;30/11/1967;0000;131.9;
82331;31/12/1967;0000;123.1;
82331;31/01/1968;0000;282.2;
82331;29/02/1968;0000;182.6;
82331;31/03/1968;0000;632.8;
82331;30/04/1968;0000;302.6;
82331;31/05/1968;0000;427.3;
82331;30/06/1968;0000;128.1;
82331;31/07/1968;0000;102.5;
82331;31/08/1968;0000;41.9;
82331;30/09/1968;0000;242.8;
82331;31/10/1968;0000;37.5;
82331;30/11/1968;0000;265.8;
82331;31/12/1968;0000;195.1;
82331;31/01/1969;0000;257.7;
82331;28/02/1969;0000;195.4;
82331;31/03/1969;0000;386.6;
82331;30/04/1969;0000;512.6;
82331;31/05/1969;0000;321.8;
82331;30/06/1969;0000;96.9;
82331;31/07/1969;0000;87.6;
82331;31/08/1969;0000;51.4;
82331;30/09/1969;0000;26.3;
82331;31/10/1969;0000;81.8;
82331;30/11/1969;0000;112.4;
82331;31/12/1969;0000;181.7;
82331;31/01/1970;0000;386.7;
82331;28/02/1970;0000;326.2;
82331;31/03/1970;0000;382.9;
82331;30/04/1970;0000;403.2;
82331;31/05/1970;0000;184.5;
82331;30/06/1970;0000;132;
82331;31/07/1970;0000;68.4;
82331;31/08/1970;0000;42.7;
82331;30/09/1970;0000;96.2;
82331;31/10/1970;0000;98.8;
82331;30/11/1970;0000;179.6;
82331;31/12/1970;0000;143.4;
82331;31/01/1971;0000;287.8;
82331;28/02/1971;0000;367.6;
82331;31/03/1971;0000;352.4;
82331;30/04/1971;0000;418.9;
82331;31/05/1971;0000;316.4;
82331;30/06/1971;0000;146.4;
82331;31/07/1971;0000;36.1;
82331;31/08/1971;0000;8.5;
82331;30/09/1971;0000;40.5;
82331;31/10/1971;0000;182.3;
82331;30/11/1971;0000;261.9;
82331;31/12/1971;0000;94.3;
82331;31/01/1972;0000;197.7;
82331;29/02/1972;0000;381.7;
82331;31/03/1972;0000;163.7;
82331;30/04/1972;0000;341.2;
82331;31/05/1972;0000;166.8;
82331;30/06/1972;0000;125.5;
82331;31/07/1972;0000;73.7;
82331;31/08/1972;0000;45.7;
82331;30/09/1972;0000;72.4;
82331;31/10/1972;0000;94.2;
82331;30/11/1972;0000;73.8;
82331;31/12/1972;0000;169.1;
82331;31/01/1973;0000;192.7;
82331;28/02/1973;0000;274.7;
82331;31/03/1973;0000;291.3;
82331;30/04/1973;0000;191.7;
82331;31/05/1973;0000;439.9;
82331;30/06/1973;0000;87.4;
82331;31/07/1973;0000;143.3;
82331;31/08/1973;0000;108.6;
82331;30/09/1973;0000;86.1;
82331;31/10/1973;0000;181.8;
82331;30/11/1973;0000;308.7;
82331;31/12/1973;0000;220.9;
82331;31/01/1974;0000;313.1;
82331;28/02/1974;0000;196.9;
82331;31/03/1974;0000;247.5;
82331;30/04/1974;0000;524.5;
82331;31/05/1974;0000;257.8;
82331;30/06/1974;0000;172.1;
82331;31/07/1974;0000;66;
82331;31/08/1974;0000;26.7;
82331;30/09/1974;0000;68.4;
82331;31/10/1974;0000;24.4;
82331;30/11/1974;0000;194.9;
82331;31/12/1974;0000;285.1;
82331;31/01/1975;0000;329.5;
82331;28/02/1975;0000;358.7;
82331;31/03/1975;0000;396.1;
82331;30/04/1975;0000;232;
82331;31/05/1975;0000;246.3;
82331;30/06/1975;0000;97.8;
82331;31/07/1975;0000;203.2;
82331;31/08/1975;0000;56.6;
82331;30/09/1975;0000;36.4;
82331;31/10/1975;0000;55;
82331;30/11/1975;0000;99.9;
82331;31/12/1975;0000;213.6;
82331;31/01/1976;0000;294.3;
82331;29/02/1976;0000;545.6;
82331;31/03/1976;0000;457.4;
82331;30/04/1976;0000;211.1;
82331;31/05/1976;0000;90.2;
82331;30/06/1976;0000;61.7;
82331;31/07/1976;0000;32.6;
82331;31/08/1976;0000;37.4;
82331;30/09/1976;0000;29.5;
82331;31/10/1976;0000;123;
82331;30/11/1976;0000;157;
82331;31/12/1976;0000;176.3;
82331;31/01/1977;0000;196.7;
82331;28/02/1977;0000;262.4;
82331;31/03/1977;0000;332.1;
82331;30/04/1977;0000;266.7;
82331;31/05/1977;0000;240.3;
82331;30/06/1977;0000;78.4;
82331;31/07/1977;0000;17.4;
82331;31/08/1977;0000;42.9;
82331;30/09/1977;0000;77;
82331;31/10/1977;0000;190.8;
82331;30/11/1977;0000;84.7;
82331;31/12/1977;0000;227.3;
82331;31/01/1978;0000;295.4;
82331;28/02/1978;0000;203.5;
82331;31/03/1978;0000;404.1;
82331;30/04/1978;0000;229.4;
82331;31/05/1978;0000;268.5;
82331;30/06/1978;0000;89.3;
82331;31/07/1978;0000;108.5;
82331;31/08/1978;0000;50.4;
82331;30/09/1978;0000;161;
82331;31/10/1978;0000;115.6;
82331;30/11/1978;0000;45.7;
82331;31/12/1978;0000;126;
82331;31/01/1979;0000;312;
82331;28/02/1979;0000;86;
82331;31/03/1979;0000;195.4;
82331;30/04/1979;0000;300.2;
82331;31/05/1979;0000;78.8;
82331;30/06/1979;0000;65.7;
82331;31/07/1979;0000;10.3;
82331;31/08/1979;0000;0;
82331;30/09/1979;0000;83.2;
82331;31/10/1979;0000;230.1;
82331;30/11/1979;0000;48.7;
82331;31/12/1979;0000;154.4;
82331;31/01/1980;0000;92.5;
82331;29/02/1980;0000;77.7;
82331;31/03/1980;0000;217.1;
82331;30/04/1980;0000;211.4;
82331;31/05/1980;0000;53.8;
82331;30/06/1980;0000;79.4;
82331;31/07/1980;0000;23.9;
82331;31/08/1980;0000;31.2;
82331;30/09/1980;0000;31.6;
82331;31/10/1980;0000;141.1;
82331;30/11/1980;0000;149.7;
82331;31/12/1980;0000;190.2;
82331;31/01/1981;0000;162.5;
82331;28/02/1981;0000;164.9;
82331;31/03/1981;0000;197.1;
82331;30/04/1981;0000;229.3;
82331;31/05/1981;0000;121.1;
82331;30/06/1981;0000;51.5;
82331;31/07/1981;0000;34;
82331;31/08/1981;0000;68;
82331;30/09/1981;0000;155.1;
82331;31/10/1981;0000;47.8;
82331;30/11/1981;0000;325.9;
82331;31/12/1981;0000;114.7;
82331;31/01/1982;0000;299.1;
82331;28/02/1982;0000;79.8;
82331;31/03/1982;0000;59.5;
82331;30/04/1982;0000;134;
82331;31/05/1982;0000;254.2;
82331;30/06/1982;0000;16.8;
82331;31/07/1982;0000;30.7;
82331;31/08/1982;0000;2;
82331;30/09/1982;0000;67.7;
82331;31/10/1982;0000;4.2;
82331;30/11/1982;0000;72.4;
82331;31/12/1982;0000;238.3;
82331;31/01/1983;0000;32.6;
82331;28/02/1983;0000;107.5;
82331;31/03/1983;0000;418.2;
82331;30/04/1983;0000;192.4;
82331;31/05/1983;0000;171.5;
82331;30/06/1983;0000;99.4;
82331;31/07/1983;0000;134.1;
82331;31/08/1983;0000;134.6;
82331;30/09/1983;0000;99.2;
82331;31/10/1983;0000;195.8;
82331;30/11/1983;0000;69.5;
82331;31/12/1983;0000;372.1;
82331;31/01/1984;0000;268;
82331;29/02/1984;0000;341;
82331;31/03/1984;0000;223.4;
82331;30/04/1984;0000;333.3;
82331;31/05/1984;0000;271.9;
82331;30/06/1984;0000;94.2;
82331;31/07/1984;0000;93;
82331;31/08/1984;0000;62.8;
82331;30/09/1984;0000;135.5;
82331;31/10/1984;0000;123.2;
82331;30/11/1984;0000;100.4;
82331;31/12/1984;0000;148.1;
82331;31/01/1985;0000;269.7;
82331;28/02/1985;0000;318.1;
82331;31/03/1985;0000;280.9;
82331;30/04/1985;0000;145.3;
82331;31/05/1985;0000;346.4;
82331;30/06/1985;0000;150.9;
82331;31/07/1985;0000;103.4;
82331;31/08/1985;0000;63.1;
82331;30/09/1985;0000;65.9;
82331;31/10/1985;0000;161.7;
82331;30/11/1985;0000;136.9;
82331;31/12/1985;0000;391.4;
82331;31/01/1986;0000;267.1;
82331;28/02/1986;0000;294.9;
82331;31/03/1986;0000;304.4;
82331;30/04/1986;0000;279.5;
82331;31/05/1986;0000;203.6;
82331;30/06/1986;0000;102.8;
82331;31/07/1986;0000;183.9;
82331;31/08/1986;0000;1.6;
82331;30/09/1986;0000;71.1;
82331;31/10/1986;0000;214.6;
82331;30/11/1986;0000;321.8;
82331;31/12/1986;0000;246.9;
82331;31/01/1987;0000;291.5;
82331;28/02/1987;0000;289.1;
82331;31/03/1987;0000;277.6;
82331;30/04/1987;0000;291.2;
82331;31/05/1987;0000;167.8;
82331;30/06/1987;0000;28.2;
82331;31/07/1987;0000;20.7;
82331;31/08/1987;0000;76.8;
82331;30/09/1987;0000;64.6;
82331;31/10/1987;0000;46.3;
82331;30/11/1987;0000;128.3;
82331;31/12/1987;0000;195.2;
82331;31/01/1988;0000;269.7;
82331;29/02/1988;0000;546;
82331;31/03/1988;0000;265.6;
82331;30/04/1988;0000;254.7;
82331;31/05/1988;0000;297.7;
82331;30/06/1988;0000;229.1;
82331;31/07/1988;0000;82.3;
82331;31/08/1988;0000;35.6;
82331;30/09/1988;0000;110.6;
82331;31/10/1988;0000;111.5;
82331;30/11/1988;0000;226.9;
82331;31/12/1988;0000;412.1;
82331;31/01/1989;0000;292;
82331;28/02/1989;0000;417;
82331;31/03/1989;0000;252.2;
82331;30/04/1989;0000;370.8;
82331;31/05/1989;0000;555.1;
82331;30/06/1989;0000;184.5;
82331;31/07/1989;0000;157.5;
82331;31/08/1989;0000;15.8;
82331;30/09/1989;0000;136.4;
82331;31/10/1989;0000;185.6;
82331;30/11/1989;0000;326.4;
82331;31/12/1989;0000;220.1;
82331;31/01/1990;0000;234.3;
82331;28/02/1990;0000;190;
82331;31/03/1990;0000;299.2;
82331;30/04/1990;0000;236.4;
82331;31/05/1990;0000;244.6;
82331;30/06/1990;0000;89.3;
82331;31/07/1990;0000;114.1;
82331;31/08/1990;0000;72.3;
82331;30/09/1990;0000;22.8;
82331;31/10/1990;0000;56;
82331;30/11/1990;0000;116.9;
82331;31/12/1990;0000;167.3;
82331;31/01/1991;0000;278.5;
82331;28/02/1991;0000;223.8;
82331;31/03/1991;0000;309.2;
82331;30/04/1991;0000;342.9;
82331;31/05/1991;0000;322.2;
82331;30/06/1991;0000;137.9;
82331;31/07/1991;0000;173.9;
82331;31/08/1991;0000;55.4;
82331;30/09/1991;0000;39;
82331;31/10/1991;0000;79.4;
82331;30/11/1991;0000;37.9;
82331;31/12/1991;0000;137.9;
82331;31/01/1992;0000;236.5;
82331;29/02/1992;0000;262.7;
82331;31/03/1992;0000;347.8;
82331;30/04/1992;0000;218.6;
82331;31/05/1992;0000;118.8;
82331;30/06/1992;0000;61;
82331;31/07/1992;0000;90.3;
82331;31/08/1992;0000;100.3;
82331;30/09/1992;0000;90;
82331;31/10/1992;0000;87.4;
82331;30/11/1992;0000;71.2;
82331;31/12/1992;0000;265.6;
82331;31/01/1993;0000;436.5;
82331;28/02/1993;0000;617.4;
82331;31/03/1993;0000;229.3;
82331;30/04/1993;0000;370.3;
82331;31/05/1993;0000;96.8;
82331;30/06/1993;0000;61.5;
82331;31/07/1993;0000;34.6;
82331;31/08/1993;0000;47.7;
82331;30/09/1993;0000;21.9;
82331;31/10/1993;0000;99.8;
82331;30/11/1993;0000;256.3;
82331;31/12/1993;0000;251.3;
82331;31/01/1994;0000;371.1;
82331;28/02/1994;0000;399.5;
82331;31/03/1994;0000;259.5;
82331;30/04/1994;0000;258.7;
82331;31/05/1994;0000;174.2;
82331;30/06/1994;0000;125.2;
82331;31/07/1994;0000;33;
82331;31/08/1994;0000;96.7;
82331;30/09/1994;0000;62.6;
82331;31/10/1994;0000;91.8;
82331;30/11/1994;0000;207.3;
82331;31/12/1994;0000;222.5;
82331;31/01/1995;0000;286;
82331;28/02/1995;0000;132;
82331;31/03/1995;0000;301.4;
82331;30/04/1995;0000;480.5;
82331;31/05/1995;0000;217.5;
82331;30/06/1995;0000;107;
82331;31/07/1995;0000;76.9;
82331;31/08/1995;0000;34.2;
82331;30/09/1995;0000;72.4;
82331;31/10/1995;0000;81;
82331;30/11/1995;0000;312;
82331;31/12/1995;0000;160.5;
82331;31/01/1996;0000;571.3;
82331;29/02/1996;0000;257.6;
82331;31/03/1996;0000;338.1;
82331;30/04/1996;0000;428.5;
82331;31/05/1996;0000;127.5;
82331;30/06/1996;0000;185.1;
82331;31/07/1996;0000;16.9;
82331;31/08/1996;0000;65;
82331;30/09/1996;0000;114;
82331;31/10/1996;0000;186;
82331;30/11/1996;0000;163;
82331;31/12/1996;0000;142.2;
82331;31/01/1997;0000;220.6;
82331;28/02/1997;0000;344.5;
82331;31/03/1997;0000;534.9;
82331;30/04/1997;0000;310.8;
82331;31/05/1997;0000;252.2;
82331;30/06/1997;0000;9.5;
82331;31/07/1997;0000;0;
82331;31/08/1997;0000;111.5;
82331;30/09/1997;0000;40.5;
82331;31/10/1997;0000;60.9;
82331;30/11/1997;0000;182.3;
82331;31/12/1997;0000;261.5;
82331;31/01/1998;0000;302.6;
82331;28/02/1998;0000;171.7;
82331;31/03/1998;0000;210.8;
82331;30/04/1998;0000;407.2;
82331;31/05/1998;0000;273.4;
82331;30/06/1998;0000;167.2;
82331;31/07/1998;0000;92;
82331;31/08/1998;0000;41.8;
82331;30/09/1998;0000;115.6;
82331;31/10/1998;0000;73.5;
82331;30/11/1998;0000;153.6;
82331;31/12/1998;0000;191;
82331;31/01/1999;0000;411.6;
82331;28/02/1999;0000;260.8;
82331;31/03/1999;0000;233.2;
82331;30/04/1999;0000;421.2;
82331;31/05/1999;0000;445.4;
82331;30/06/1999;0000;149.3;
82331;31/07/1999;0000;25.3;
82331;31/08/1999;0000;40.6;
82331;30/09/1999;0000;98.8;
82331;31/10/1999;0000;132.3;
82331;30/11/1999;0000;203.5;
82331;31/12/1999;0000;198.3;
82331;31/01/2000;0000;350.2;
82331;29/02/2000;0000;344.4;
82331;31/03/2000;0000;340.7;
82331;30/04/2000;0000;535.4;
82331;31/05/2000;0000;172.6;
82331;30/06/2000;0000;48.2;
82331;31/07/2000;0000;40.8;
82331;31/08/2000;0000;140;
82331;30/09/2000;0000;218.1;
82331;31/10/2000;0000;47.2;
82331;30/11/2000;0000;169.7;
82331;31/12/2000;0000;192.3;
82331;31/01/2001;0000;348.4;
82331;28/02/2001;0000;219.5;
82331;31/03/2001;0000;216.8;
82331;30/04/2001;0000;188.2;
82331;31/05/2001;0000;231.6;
82331;30/06/2001;0000;164.1;
82331;31/07/2001;0000;30.6;
82331;31/08/2001;0000;14.9;
82331;30/09/2001;0000;88.2;
82331;31/10/2001;0000;28.1;
82331;30/11/2001;0000;55;
82331;31/12/2001;0000;213;
82331;31/01/2002;0000;380.8;
82331;28/02/2002;0000;239.9;
82331;31/03/2002;0000;195.3;
82331;30/04/2002;0000;376.7;
82331;31/05/2002;0000;262.9;
82331;30/06/2002;0000;159.1;
82331;31/07/2002;0000;3.4;
82331;31/08/2002;0000;35.4;
82331;30/09/2002;0000;60.1;
82331;31/10/2002;0000;216.1;
82331;30/11/2002;0000;81.2;
82331;31/12/2002;0000;311.2;
82331;31/01/2003;0000;105.8;
82331;28/02/2003;0000;340.9;
82331;31/03/2003;0000;209.2;
82331;30/04/2003;0000;390.1;
82331;31/05/2003;0000;219.6;
82331;30/06/2003;0000;110.7;
82331;31/07/2003;0000;93;
82331;31/08/2003;0000;118.3;
82331;30/09/2003;0000;60.9;
82331;31/10/2003;0000;96.9;
82331;30/11/2003;0000;119.6;
82331;31/12/2003;0000;89.9;
82331;31/01/2004;0000;179.6;
82331;29/02/2004;0000;150.6;
82331;31/03/2004;0000;424.2;
82331;30/04/2004;0000;227.2;
82331;31/05/2004;0000;422.9;
82331;30/06/2004;0000;120.2;
82331;31/07/2004;0000;59.6;
82331;31/08/2004;0000;141.3;
82331;30/09/2004;0000;112;
82331;31/10/2004;0000;66;
82331;30/11/2004;0000;13.3;
82331;31/12/2004;0000;140;
82331;31/01/2005;0000;165.7;
82331;28/02/2005;0000;331.5;
82331;31/03/2005;0000;334;
82331;30/04/2005;0000;404.8;
82331;31/05/2005;0000;225.5;
82331;30/06/2005;0000;53.5;
82331;31/07/2005;0000;52.4;
82331;31/08/2005;0000;16.2;
82331;30/09/2005;0000;45.9;
82331;31/10/2005;0000;75.2;
82331;30/11/2005;0000;211.6;
82331;31/12/2005;0000;291.8;
82331;31/01/2006;0000;173.3;
82331;28/02/2006;0000;346.4;
82331;31/03/2006;0000;265.3;
82331;30/04/2006;0000;252.1;
82331;31/05/2006;0000;382.1;
82331;30/06/2006;0000;87;
82331;31/07/2006;0000;71.6;
82331;31/08/2006;0000;16.7;
82331;30/09/2006;0000;32.8;
82331;31/10/2006;0000;66;
82331;30/11/2006;0000;294;
82331;31/12/2006;0000;317.4;
82331;31/01/2007;0000;414.4;
82331;28/02/2007;0000;137.7;
82331;31/03/2007;0000;336;
82331;30/04/2007;0000;343.1;
82331;31/05/2007;0000;165.3;
82331;30/06/2007;0000;100.2;
82331;31/07/2007;0000;121.9;
82331;31/08/2007;0000;133.3;
82331;30/09/2007;0000;71.7;
82331;31/10/2007;0000;28.5;
82331;30/11/2007;0000;226.2;
82331;31/12/2007;0000;327.9;
82331;31/01/2008;0000;397.4;
82331;29/02/2008;0000;298.8;
82331;31/03/2008;0000;553;
82331;30/04/2008;0000;345.4;
82331;31/05/2008;0000;264.1;
82331;30/06/2008;0000;202.7;
82331;31/07/2008;0000;80.2;
82331;31/08/2008;0000;58.4;
82331;30/09/2008;0000;56;
82331;31/10/2008;0000;162.2;
82331;30/11/2008;0000;280.8;
82331;31/12/2008;0000;458.1;
82331;31/01/2009;0000;310.8;
82331;28/02/2009;0000;457.9;
82331;31/03/2009;0000;232.5;
82331;30/04/2009;0000;222.1;
82331;31/05/2009;0000;114;
82331;30/06/2009;0000;165.8;
82331;31/07/2009;0000;25.1;
82331;31/08/2009;0000;5.4;
82331;30/09/2009;0000;4.2;
82331;31/10/2009;0000;26;
82331;30/11/2009;0000;132.3;
82331;31/12/2009;0000;262.4;
82331;31/01/2010;0000;295.8;
82331;28/02/2010;0000;352.5;
82331;31/03/2010;0000;206.4;
82331;30/04/2010;0000;303.4;
82331;31/05/2010;0000;165.1;
82331;30/06/2010;0000;119.1;
82331;31/07/2010;0000;100.6;
82331;31/08/2010;0000;54.8;
82331;30/09/2010;0000;26.6;
82331;31/10/2010;0000;116.9;
82331;30/11/2010;0000;140.6;
82331;31/12/2010;0000;290.1;
82331;31/01/2011;0000;226.8;
82331;28/02/2011;0000;493.3;
82331;31/03/2011;0000;323.3;
82331;30/04/2011;0000;515.9;
82331;31/05/2011;0000;222.4;
82331;30/06/2011;0000;121.3;
82331;31/07/2011;0000;20.2;
82331;31/08/2011;0000;64.3;
82331;30/09/2011;0000;41.5;
82331;31/10/2011;0000;283.7;
82331;30/11/2011;0000;272.8;
82331;31/12/2011;0000;194.5;
82331;31/01/2012;0000;365.2;
82331;29/02/2012;0000;288.7;
82331;31/03/2012;0000;277.4;
82331;30/04/2012;0000;195.6;
82331;31/05/2012;0000;167.8;
82331;30/06/2012;0000;85.4;
82331;31/07/2012;0000;83;
82331;31/08/2012;0000;26.6;
82331;30/09/2012;0000;90.3;
82331;31/10/2012;0000;181.3;
82331;30/11/2012;0000;284.5;
82331;31/12/2012;0000;266.2;
82331;31/01/2013;0000;314.6;
82331;28/02/2013;0000;342.1;
82331;31/03/2013;0000;427.4;
82331;30/04/2013;0000;420.6;
82331;31/05/2013;0000;238.4;
82331;30/06/2013;0000;32.3;
82331;31/07/2013;0000;167.1;
82331;31/08/2013;0000;53;
82331;30/09/2013;0000;121;
82331;31/10/2013;0000;193;
82331;30/11/2013;0000;312.2;
82331;31/12/2013;0000;101.3;
82331;31/01/2014;0000;253.3;
82331;28/02/2014;0000;245.4;
82331;31/03/2014;0000;527.7;
82331;30/04/2014;0000;255;
82331;31/05/2014;0000;411.3;
82331;30/06/2014;0000;211.7;
82331;31/07/2014;0000;66.1;
82331;31/08/2014;0000;32.2;
82331;30/09/2014;0000;0.6;
82331;31/10/2014;0000;190.9;
82331;30/11/2014;0000;196;
82331;31/12/2014;0000;173.8;
