1925	244.6	144.4	341	303.9	220.3	64.1	51.3	41.4	59.8	67	66.8	178
1926	245.1	140	249	167.9	255.4	63.2	30.3	35.7	71.1	216	329.8	128
1927	301.4	378.8	322	261.5	368.7	109.7	93.9	69.8	75.6	251.7	191.1	147.1
1928	461.2	452.1	298.3	346.1	192	25	181.6	42.5	75.5	53	284.8	187.5
1929	303.9	328	338.5	392.5	132.5	190.8	24.9	87.7	61.1	100.4	173.3	407.1
1930	377.2	254.6	210.2	453.2	156.3	56.3	34.8	29.8	90.9	198.9	124	156.5
1931	189	252.1	287.9	218	200.1	87.7	16.8	66.5	91.3	105.3	157.7	108.1
1932	321.6	236.3	284.4	138.8	100.2	74.3	30.6	25.2	78.6	69	47.5	225.9
1933	234	239.6	398.8	435.3	171.1	137.7	92.6	43.5	64.6	112.9	193.7	319.2
1934	325.7	255.4	331.6	455.1	283	134.7	68.3	45	54.4	174.9	109.1	308.5
1935	199.2	348.8	578.1	385	331.6	139.9	39	43.7	55.6	94	255.9	202
1936	365.3	205	146	266.4	92.1	57.4	37.3	22.7	46.2	103.7	196.8	119.8
1937	149.6	214.2	249.2	192.7	500.5	97.2	78.6	34.1	86	226.5	50.1	191.1
1938	356	267.3	306.7	306.1	185.9	59.9	47.8	99.6	49.4	81.1	275	301.3
1939	383.1	309.2	495.1	195.9	199.1	75	89.6	34.7	28	29.5	250	222.6
1940	229.7	167.2	108.8	266.5	147.9	81.2	20	51.5	89.9	120.1	97.2	179
1941	223.1	327.7	255.2	180.2	98.6	142.4	126.7	33.4	38.8	192.6	122.6	184.1
1942	165.4	225	209.9	343.9	142.7	67.2	37.5	46.1	69.4	150.8	124.7	318.9
1943	278.8	308.5	378.1	261.1	70.2	98.5	48.8	90.7	38.9	58.8	139.1	268.2
1944	234.8	264.9	223.6	323.2	272.2	117.8	79.1	17	177.8	25.8	206.9	245.3
1945	202.3	421.9	401.4	341.2	307.3	94.8	91	21.6	83	230.2	162	187.6
1946	403	348.2	314	155.6	82.1	41.5	117.7	43	50.8	90.1	172.7	189.5
1947	158.9	339.1	199.2	178.1	224.6	56	68	38.8	75.3	73.9	211.1	211.9
1948	336.6	361.4	227.9	263.5	256.7	88.5	23	18.7	98.7	74.4	103.6	143.5
1949	212.3	215	376.5	331.3	242.1	158.9	75.7	31.5	35.9	24.6	90.4	156.2
1950	323.9	236.1	435.1	285.1	227.3	160.5	44.9	8.8	18.3	135.4	122.8	339.9
1951	275	156.7	311	415.1	305.7	249.1	62.7	24.4	142.2	125.3	138	206.3
1952	343.5	419.1	329.4	451.1	286.2	93.5	50.1	86.2	28.1	74.5	173.7	376.3
1953	219.5	420.6	278.2	201.7	169.4	21.7	155.8	2.9	27.9	132.3	171.1	175.8
1954	311.9	269.5	314.5	236	63.9	99.4	40.1	29.4	57.7	94.8	250.4	181.3
1955	273	359.7	321.8	267.8	274.6	69.6	70.8	2.1	76.6	117.6	187.9	284.3
1956	248.8	217.2	249.3	274.2	153.6	119.3	60.8	51	108.9	166.8	188.9	208.6
1957	410.1	196.4	266.8	324.4	75.5	82.2	6.4	35.1	17.7	138.8	94.3	157
1958	368.1	180.6	234.9	346.9	83.7	70.4	42.4	61.2	33.9	88.7	148.5	280.2
1959	214.3	223.9	257.9	187.7	121	108.6	32.7	57.4	40.5	10.2	213.2	93.6
1960	127	160.4	228.9	410.5	128.6	176.2	67.9	59.2	84	226	239.9	300.8
1961	285.9	332.3	237.6	353	327.5	98.2	33	6.9	51.7	123	145.9	353.1
1962	406.1	399.4	307.9	299	260.5	108.5	47.3	34	12.8	125.4	107.6	132
1963	265.1	182.2	239.5	313.3	243.3	122.4	46.7	5.4	45.3	84.3	239.6	184.3
1964	159	140.3	426	295.3	268.1	125.9	61.6	92.6	40.7	135.2	231	312.2
1965	169.5	247.7	532.5	284.2	268.9	64.2	45.7	3.4	13.6	138.6	76.8	196
1966	273.3	178.1	172.9	292.6	359.1	161.6	122.2	110.4	103.4	29.5	318.5	222.3
1967	301.6	249.2	435	495.4	204.3	124.4	34.2	2.6	6.7	11.2	131.9	123.1
1968	282.2	182.6	632.8	302.6	427.3	128.1	102.5	41.9	242.8	37.5	265.8	195.1
1969	257.7	195.4	386.6	512.6	321.8	96.9	87.6	51.4	26.3	81.8	112.4	181.7
1970	386.7	326.2	382.9	403.2	184.5	132	68.41	42.7	96.2	98.8	179.6	143.4
1971	287.8	367.6	352.4	418.9	316.4	146.4	36.1	8.5	40.5	182.3	261.9	94.3
1972	197.7	381.7	163.7	341.2	166.8	125.5	73.7	45.7	72.4	94.2	73.8	169.1
1973	192.7	274.7	291.3	191.7	439.9	87.4	143.3	108.6	86.1	181.8	308.7	220.9
1974	313.1	196.9	247.5	524.5	257.8	172.1	66	26.7	68.4	24.4	194.9	285.1
1975	329.5	358.7	396.1	232	246.3	97.8	203.2	56.6	36.4	55	99.9	213.6
1976	294.3	545.6	457.4	211.1	90.2	61.7	32.6	37.4	29.5	123	157	176.3
1977	196.7	262.4	332.1	266.7	240.3	78.4	17.4	42.9	77	190.8	84.7	227.3
1978	295.4	203.5	404.1	229.4	268.5	89.3	108.5	50.4	161	115.6	45.7	126
1979	358.2	217.0	285.9	356.5	282.8	81.9	12.9	91.0	83.2	253.2	149.9	268.8
1980	182.0	112.3	261.5	290.4	66.0	113.8	57.8	111.6	59.8	173.3	279.8	148.4
1981	265.3	196.2	286.8	255.5	234.5	163.3	83.3	223.8	197.7	67.6	337.1	142.2
1982	338.1	202.2	435.3	256.6	260.1	35.9	67.8	11.5	91.9	45.6	122.8	368.1
1983	32.6	107.5	418.2	192.4	171.5	99.4	134.1	134.6	99.2	195.8	69.5	372.1
1984	268	341	223.4	333.3	271.9	94.2	93	62.8	135.5	123.2	100.4	148.1
1985	269.7	318.1	280.9	145.3	346.4	150.9	103.4	63.1	65.9	161.7	136.9	391.4
1986	267.1	294.9	304.4	279.5	203.6	102.8	183.9	1.6	71.1	214.6	321.8	246.9
1987	291.5	289.1	277.6	291.2	167.8	28.2	20.7	76.8	64.6	46.3	128.3	195.2
1988	269.7	546	265.6	254.7	297.7	229.1	82.3	35.6	110.6	111.5	226.9	412.1
1989	292	417	252.2	370.8	555.1	184.5	157.5	15.8	136.4	185.6	326.4	220.1
1990	234.3	190	299.2	236.4	244.6	89.3	114.1	72.3	22.8	56	116.9	167.3
1991	278.5	223.8	309.2	342.9	322.2	137.9	173.9	55.4	39	79.4	37.9	137.9
1992	236.5	262.7	347.8	218.6	118.8	61	90.3	100.3	90	87.4	71.2	265.6
1993	436.5	617.4	229.3	370.3	96.8	61.5	34.6	47.7	21.9	99.8	256.3	251.3
1994	371.1	399.5	259.5	258.7	174.2	125.2	33	96.7	62.6	91.8	207.3	222.5
1995	286	132	301.4	480.5	217.5	107	76.9	34.2	72.4	81	312	160.5
1996	571.3	257.6	338.1	428.5	127.5	185.1	16.9	65	114	186	163	142.2
1997	220.6	344.5	534.9	310.8	252.2	9.5	0	111.5	40.5	60.9	182.3	261.5
1998	302.6	171.7	210.8	407.2	273.4	167.2	92	41.8	115.6	73.5	153.6	191
1999	411.6	260.8	233.2	421.2	445.4	149.3	25.3	40.6	98.8	132.3	203.5	198.3
2000	350.2	344.4	340.7	535.4	172.6	48.2	40.8	140	218.1	47.2	169.7	192.3
2001	348.4	219.5	216.8	188.2	231.6	164.1	30.6	14.9	88.2	28.1	55	213
2002	380.8	239.9	195.3	376.7	262.9	159.1	3.4	35.4	60.1	216.1	81.2	311.2
2003	105.8	340.9	209.2	390.1	219.6	110.7	93	118.3	60.9	96.9	119.6	89.9
2004	179.6	150.6	424.2	227.2	422.9	120.2	59.6	141.3	112	66	13.3	140
2005	165.7	331.5	334	404.8	225.5	53.5	52.4	16.2	45.9	75.2	211.6	291.8
2006	173.3	346.4	265.3	252.1	382.1	87	71.6	16.7	32.8	66	294	317.4
2007	414.4	137.7	336	343.1	165.3	100.2	122.1	133.3	71.7	28.5	226.2	325.9
